#Firefly parameters
inertia: [ 0.19225 , 0.000000 , 0.000000 , 0.000000 , 0.18493 , 0.000000 , 0.000000 , 0.000000 , 0.34422]
allocation_matrix: [ 0.500000 , -0.866025 , -1.000000 , 1.000000 , 1.000000 , 0.000000 , 1.000000 , 1.000000 , 0.500000 , 0.866025 , -1.000000 , 1.000000 , -0.500000 , 0.866025 , 1.000000 , 1.000000 , -1.000000 , 0.000000 , -1.000000 , 1.000000 , -0.500000 , -0.866025 , 1.000000 , 1.000000]
n_rotors: 6

rotor_force_constant: 4.0879e-5
rotor_moment_constant: 0.0247
arm_length: 0.42

#tweak these:
roll_gain: 9
pitch_gain: 9
roll_int_gain: 0.3
pitch_int_gain: 0.3
p_gain: 7
q_gain: 7
r_gain: 1.0

max_integrator_error: 0.6
